76,1
76,3
80,1
80,3
70,1
70,3
69,1
69,3
47,1
47,3
0,320
14,6
45,1
45,3
66,1
66,3
65,1
65,3
0,273
0,270
3,2
3,1
3,3
10,117
10,109
10,313
10,201
10,219
10,305
10,189
11,13
11,7
11,9
11,21
11,5
11,29
9,5
8,5
8,8
8,12
8,16
8,17
110,4
110,3
110,2
110,1
110,0
109,4
109,3
109,2
109,1
109,0
105,4
105,3
105,2
105,1
105,0
104,4
104,3
104,2
104,1
104,0
102,5
102,4
102,3
102,2
102,1
102,0
100,5
100,4
100,3
100,2
100,1
100,0
98,4
98,3
98,2
98,1
98,0
97,9
97,8
97,7
97,6
97,5
97,4
97,3
97,2
97,1
97,0
90,3
90,2
90,1
90,0
89,4
89,3
89,2
89,1
89,0
88,4
88,3
88,2
88,1
88,0
87,4
87,3
87,2
87,1
87,0
86,5
86,4
86,3
86,2
86,1
86,0
84,6
84,5
84,4
84,3
84,2
84,1
84,0
81,4
81,3
81,2
81,1
81,0
20,3
20,2
20,1
19,3
19,2
19,1
18,3
